1121
5491
8921
4248
8473
2179
4080
736
1441
32
5081
6913
2078
3025
996
8681
2115
1763
2607
7868
6758
7530
1212
4514
4061
3845
6973
9223
6437
4463
6463
9254
4639
3441
1584
5247
8439
7012
2319
5317
1523
1749
3151
3781
3028
706
3527
7376
3644
6369
3513
6201
8380
8175
5389
8650
7192
5109
2617
2593
4154
8679
5407
8
432
9479
4931
9618
5891
822
8983
2945
981
7754
6613
2373
3318
9627
9801
7231
3682
5032
6153
7523
7882
6375
2257
8252
8238
7225
6063
4377
9924
939
6616
1141
9768
5737
2293
901
9969
5053
9006
4250
4651
6773
9057
3238
1173
4035
1294
9035
2409
1390
8850
9967
3188
3333
5006
8140
7154
1748
196
7956
9591
9999
7838
9713
4604
3563
9482
9658
1652
1516
6262
898
6377
825
8724
2603
5976
7180
1690
7544
2822
357
6105
5920
6957
9198
3943
6029
8952
9305
4603
6580
7479
6838
5685
2368
8110
5905
8311
9031
8016
9496
1812
3966
7956
3929
4004
9896
8369
9370
6465
1705
6972
4819
8417
1258
7162
8805
6336
3477
9636
8510
601
8783
6119
1716
6400
453
7428
6463
9184
4175
6283
1124
7212
6690
6638
7627
3380
4610
4053
3954
8470
2020
6974
5402
7758
7617
5663
2959
7644
3062
7834
9894
3521
264
3963
207
7189
8598
3041
8377
247
7287
5959
2132
130
1410
1005
6898
3817
6092
8232
8983
4991
6603
7330
5296
8501
4809
4719
4112
2577
4325
9614
1156
3399
5156
7497
5688
5335
6549
3897
3331
1026
2865
1720
6158
5162
2657
6340
3842
5494
5258
5373
5870
4446
739
8364
3688
7513
4391
815
6635
1873
8518
7109
1902
224
4710
7811
8118
7881
9062
2928
1953
853
5043
739
899
1416
2804
4855
815
3903
6656
4345
6427
4441
7024
3678
6821
3487
9726
8179
7972
7153
5884
5730
8871
1103
770
5101
9946
6400
7295
75
7464
8131
4080
9804
666
4352
895
4347
3084
3017
2451
4271
8785
6882
7109
1565
6861
7194
4499
1374
3312
7029
6349
3433
8771
1992
6668
1405
2219
7729
5410
3820
9674
7104
5869
3239
7812
1813
7814
7234
4719
5687
4742
1172
8868
5262
7687
1246
3779
2863
1368
2181
8563
7506
3419
8574
2550
2416
9257
1125
2282
9790
5045
3065
5756
6401
5325
6151
696
3245
988
5330
3867
3358
61
8972
6281
7250
5370
2116
8699
3057
9075
8252
1312
7417
811
6165
5508
7323
2955
3449
606
2572
5114
2917
9731
7785
6180
6593
9704
8634
4486
3102
2212
305
2076
5883
5748
5792
9458
5251
2152
4804
8743
5238
1035
8033
6752
8130
481
8283
7641
6334
9465
7711
7589
1764
8593
6684
8438
7641
3192
642
2296
8554
8414
5301
5528
5156
4728
5405
5363
3199
3664
2877
5929
2328
9994
525
6416
4794
6177
1959
1252
9416
9663
6875
3084
6730
4459
9279
4936
3794
7165
2807
6998
8010
3837
8748
3908
2027
3882
6284
4160
8508
9078
543
9164
5029
5134
9361
1213
1183
4808
1424
3538
7803
5477
8884
2529
8651
5238
2309
1917
1
1210
3646
8916
7570
1445
893
1077
7862
1949
7123
4559
543
7326
8542
2356
9603
9053
3568
7036
919
3114
300
8166
2906
462
7261
1369
6380
1188
9443
9657
8777
3460
6827
9717
2246
3210
9145
2973
3191
646
8453
3825
906
3180
5999
2869
2724
9947
8512
1249
1397
1739
7855
1380
6730
7839
1244
664
2368
3787
5772
6976
6176
175
6418
3791
1643
816
8247
1378
2419
6808
4693
1005
9171
9444
9557
2516
2924
2508
4595
1327
4669
1647
555
7265
6159
1612
3443
9890
3930
3997
9813
8759
5847
6110
1735
9475
6964
7580
7784
6136
7549
2664
1321
7334
8845
2298
3509
1396
8208
6050
9183
2252
4084
7130
9191
5903
5164
4152
5560
298
4032
4736
6337
5345
4789
2213
7262
1848
2804
4480
8898
8353
1690
4297
2627
7183
124
9858
1922
9369
8964
756
5446
7306
6748
5728
2436
3557
6886
8296
9933
6197
6805
2742
1300
4931
1644
458
2298
6049
4737
4833
104
5715
6990
0
5288
6077
9236
8352
7985
4839
3532
3028
909
5054
811
4870
7752
9380
9296
6591
5367
2455
5294
9109
307
2559
1281
5998
9201
9585
8159
2947
5135
657
6124
6000
8189
2068
1737
2456
5349
227
3531
6262
5496
2299
3972
3534
5079
2402
9664
593
3387
5204
6765
2991
3633
7403
39
3895
1349
7069
7392
1418
8010
7007
793
4782
9812
3240
768
5951
3170
9344
8198
2495
1163
4167
1402
4285
4340
7746
7191
3796
6059
4304
9176
202
9507
5818
1844
6553
7948
7321
8761
3483
2830
4898
4713
7006
9058
8572
891
6535
6669
6866
1312
4866
7386
2052
3956
7624
6563
4872
9996
6233
5196
1710
1682
6873
6524
801
5929
2199
8552
8569
1215
1992
9982
4141
1039
2627
1995
2229
9728
4613
6921
3486
7950
1092
8233
6807
4019
5761
5161
6953
129
967
6641
5251
9950
8944
5264
1810
4493
5974
2542
1424
6453
8982
7886
5060
1328
4545
8259
2023
2466
6237
4283
6551
8420
457
9883
3444
7068
9661
9065
375
5771
3311
8768
5603
6338
1186
932
9235
1010
9225
9266
1715
4719
6458
4803
7659
2704
9565
685
1430
4037
3667
8342
9345
133
1684
6902
8367
9924
4561
5079
1864
1341
1688
8764
5842
6754
2997
5067
5448
5773
6005
5960
6630
8209
1286
9008
135
3858
2139
9183
4838
654
9148
7038
9376
8550
4457
844
4475
2941
6047
5736
5600
9500
1348
3129
5267
7792
3724
2058
9683
3985
3181
3380
4237
2975
1440
1610
9371
5483
6110
9595
7162
1711
3594
8536
8953
4299
4526
5859
5149
3501
973
5423
8897
940
7959
6778
5675
9746
2059
2836
3162
947
6934
2170
92
4798
1754
3268
7131
6959
2891
5047
6823
4702
8498
7799
2063
7352
7860
9197
6105
6951
2573
7553
4369
3361
4886
3780
5550
698
8614
5133
2496
2631
3684
4110
5334
3552
9146
4498
3644
5585
1413
4981
257
1310
2745
9568
8950
8448
6641
8847
3427
9791
5013
1761
8628
6478
324
9404
9536
6494
2433
8346
6170
6048
8346
5860
4576
6011
9234
4345
1473
8422
8977
8442
8972
2994
2641
4150
3475
1223
3353
8781
9470
8554
3767
1204
1244
8792
1782
9076
8405
6385
1759
3886
7418
4067
4316
5007
2574
5378
3368
9932
430
3969
5634
7883
3547
9520
9568
2445
6153
5107
5759
8491
352
9978
5689
1772
5663
3346
544
4321
4432
903
4150
270
6534
20
2543
2133
4340
8441
5166
5328
8183
3752
1357
6266
8291
6972
5432
1898
9292
8102
2824
8509
9547
9589
1133
464
7664
529
6869
7367
2678
5413
8953
4509
7810
8646
1511
2472
4981
4740
3818
8584
3793
1853
4037
1868
264
600
8447
9792
6736
5748
5975
2791
5779
8862
4825
6609
2131
9865
7193
7194
8491
8589
3724
9183
4960
3998
775
3597
150
5240
5135
664
6815
5300
4735
3797
9774
3386
2119
8548
298
9971
4961
8973
2430
7145
672
4022
77
8973
177
6142
6579
7525
308
1353
1190
160
819
9993
8107
5847
3008
7269
4053
7938
9294
4264
649
2260
102
121
6333
8693
5402
3603
414
3114
2613
6944
1265
4098
1105
8903
4289
3167
5795
6078
4087
3391
4833
7294
6984
9367
6739
1602
1752
427
9911
2395
2108
7340
9662
5924
1581
1694
1877
4428
1641
7333
1182
565
3443
636
3372
9240
9290
4273
2078
4611
696
6144
5730
7889
7185
1483
9707
3556
5435
2099
3885
321
1228
8693
1957
5975
5631
8052
6358
366
401
7870
7854
4392
4472
1582
8199
4631
6866
6158
5001
843
6347
9927
5100
9013
7225
7879
6620
9966
722
2461
9749
7165
7005
7187
5390
7225
5350
9945
6642
2987
8170
9034
4425
1134
4706
445
2501
1334
8909
6203
2920
539
2038
2615
1171
7616
6597
1743
7642
7636
849
7262
8691
2613
9603
6395
7661
4619
1350
753
2956
8520
2698
4924
2627
7498
6743
1261
9451
4683
9823
4154
3103
709
8140
6501
7626
4885
2889
6999
9208
4603
1517
7977
2410
123
7554
2223
1845
1475
1955
5746
9034
425
2259
1384
3487
5089
11
6721
6252
1560
4939
7297
5651
1776
9490
9845
630
1448
8633
980
9836
646
6905
2083
862
7028
2845
8197
1980
6117
3666
2718
8653
7890
1498
4786
7875
4982
5552
3278
6493
2690
9622
3250
3494
9741
8571
6458
9403
8332
7944
8232
985
4154
5033
8640
1844
628
6665
1168
3621
3348
9126
5097
4891
9495
7027
6510
4770
4285
9996
7192
1473
765
4404
6691
9917
2227
7371
4329
5003
6839
6540
9305
2787
122
9570
1012
592
6703
9514
6324
4852
3140
1715
2296
8360
7388
6370
2240
9088
843
4434
4850
3405
5549
1753
7223
2973
3571
38
6614
7261
2539
2359
7962
238
2619
6519
7602
9205
4841
8195
8037
1325
5786
2925
5231
3687
6501
6666
3437
6289
8163
6951
4849
6773
4134
9817
2242
8488
4611
1505
36
6131
7933
509
2303
5326
7439
60
670
3512
6182
8122
4599
5395
3577
5545
3682
9581
6166
2257
5511
7353
2138
1006
6233
3196
1564
9559
953
2547
4358
7855
8360
2273
5713
4356
9036
4903
301
5029
5870
8812
6218
1681
8798
9292
9765
1514
9764
6061
5954
1897
2644
6076
9747
6523
3901
6342
5794
3464
7710
1747
3521
6180
437
172
8923
798
6118
1917
7798
3271
3508
1174
1768
9085
9679
1435
3107
2629
5818
6348
9199
390
1063
4030
3202
4130
2066
4120
5854
3984
423
4682
999
2660
6160
6824
2543
4529
5839
3204
1201
8261
533
7737
5846
6226
6365
5028
3335
9820
9479
8621
3567
4446
4500
8660
668
3047
2987
3494
9619
7203
3559
5806
1149
9188
8749
2968
9265
4591
5341
9697
8543
4547
9652
6090
5622
5011
8731
3451
1395
5157
3985
1365
6616
2819
2704
8224
3364
1999
110
8931
7620
7060
3506
3217
4966
8215
6832
3536
7637
3564
5811
614
374
2885
2006
7244
4766
709
9072
1444
4142
7827
249
1543
8268
6218
9293
7991
7231
2141
2012
2659
118
2216
5020
1529
4870
7906
6380
8885
6159
942
4517
2648
153
4528
5087
1332
5232
9069
2493
3219
7433
5675
3238
8936
5696
1495
3617
4221
3936
9238
9820
315
7374
7939
8953
4201
6930
5639
5270
7819
4338
6295
8231
2315
3021
391
8674
3253
6129
2204
5607
1773
170
8832
7402
4251
9592
8302
9247
9398
9963
8796
3536
2991
6958
6041
253
8116
333
748
4049
6117
9700
4876
5965
7763
3557
8558
8036
1044
5685
2505
1123
4180
6613
3494
2762
1637
136
7330
2826
8903
5045
453
4669
9138
1435
9965
3597
2224
8891
3028
1090
7672
4455
7601
9324
5637
6502
4650
5017
6901
2048
711
7203
9981
4220
6849
57
4842
3412
3721
5913
7042
6913
7205
6839
2057
377
4149
5644
3007
4385
8596
301
183
833
9690
1351
7395
6595
7950
4500
8219
966
7545
8141
12
5189
8501
7484
7901
1168
5701
7165
1004
9860
7406
1729
9943
4636
1363
2222
2135
867
4222
3350
8999
5252
170
3809
2450
3952
4046
7130
2234
8523
6692
9796
3861
7284
3991
23
3938
7503
4747
2123
1338
561
5270
6671
5041
3879
9740
1191
4587
4580
3608
8912
8219
5621
7334
6736
6295
4098
8511
927
6087
1699
1323
5404
3181
1884
8458
8718
4030
9591
3678
504
1294
5949
7904
4871
1018
9344
483
3883
3551
7544
7542
896
2648
2888
1282
7240
5316
2588
6403
4566
9542
2226
3044
8041
3622
2145
1459
9716
8645
9098
52
7558
942
3754
4369
4555
4727
7834
6206
9518
7559
8515
5178
6521
4305
6785
6194
2331
383
1587
9040
6980
8666
27
6017
8864
6277
9576
8277
4078
1850
5886
5471
5659
12
2271
331
5232
8075
4584
1839
3605
1686
5850
5434
4320
8843
5700
7802
5726
3466
1034
6586
2141
4872
4548
9048
9299
4095
5876
3332
4767
5522
8629
2084
762
5645
5741
6628
1113
7931
3040
5099
7554
5586
7745
5977
2809
1114
740
589
3958
1963
4469
4387
6516
6675
3775
8250
4424
8742
4266
6436
764
8896
5956
8774
7335
630
9659
719
2587
5195
9588
5062
4987
2750
731
1388
8135
3345
9463
8432
1990
772
9449
7713
894
6000
4801
6862
5826
7855
6077
8441
2825
2712
8159
7931
999
6538
874
6513
8378
2846
8041
6771
1955
9438
6364
1621
7119
1524
4608
5783
5442
8427
9913
3063
6639
8962
2206
1047
117
6383
4002
7848
3657
9648
6714
277
8556
3708
9504
9917
4938
1272
9203
7352
206
3894
4537
5994
8197
7224
738
4182
7726
4498
4090
586
2666
3902
4202
8
4229
5608
4379
5044
689
4745
5193
4745
6684
722
4576
5335
7470
9054
3574
3815
6257
2394
4853
9359
9644
4801
3186
6608
3790
239
575
2124
6852
8487
5657
6822
4599
2624
2367
2098
5957
9434
4464
4651
7194
2478
2543
5315
5354
8196
1158
7781
5262
2190
980
3798
4761
7682
2069
3386
6070
3205
8316
4963
3696
1362
9951
8037
4893
3833
6271
2757
5880
1893
1043
7023
1770
2358
2112
2902
5556
6701
9815
8118
5291
8326
8603
1445
5280
4623
8733
7000
9755
2407
1942
6611
3587
978
9472
3048
6685
6201
5585
9073
9919
5598
1493
9176
5168
2989
8424
5251
5150
62
4237
2509
4507
4646
5405
8479
2676
8701
4447
7518
8495
5563
1808
6222
9265
6268
7520
485
4202
7939
2777
1754
7358
1386
108
8443
5056
2855
842
4670
764
1978
8187
2351
3346
7986
63
1065
282
736
9759
7744
248
8756
3295
8010
1182
5443
866
9774
8376
8826
8778
9028
6616
4172
7098
5500
6798
7047
5370
5259
3492
2229
4535
9152
6900
1711
7860
5173
1670
6395
3393
3569
8153
5494
566
4810
2765
9340
6428
4312
5787
1732
6696
1940
9858
4953
3717
5439
287
4675
1757
7103
8136
8117
5843
5332
405
8095
9904
6585
7003
6915
2633
9590
7078
7108
8761
115
4579
5595
7520
8870
679
116
296
861
1200
2869
4239
552
7126
3246
1574
7005
1452
8715
2757
1935
3177
4519
8840
2888
5662
8779
7834
8035
484
9156
1597
5671
2979
4659
1652
3198
6337
6861
4221
3972
6437
9971
4877
5450
1751
1468
8153
3001
1078
814
5647
7092
2005
4859
4640
4839
1427
792
3962
7420
3077
7145
9157
2956
8482
1240
8842
7970
1292
7077
747
3179
6374
1335
1443
5658
9254
8081
331
4600
4392
4016
5942
9640
3932
7520
5946
6889
285
3757
3420
9236
6495
2855
2038
341
516
7455
6759
6935
5963
5999
6647
8488
2742
710
2053
5020
6199
993
9808
4093
2662
2933
2478
2415
1073
296
556
5314
2561
2831
4963
7889
4421
6466
9331
1303
5533
1532
9215
4241
356
7215
5508
9806
6651
564
1287
3748
2734
1504
9611
8060
3238
7730
235
2717
3194
7544
2394
102
