650
1950
7310
2861
8754
9308
9732
5844
8799
8242
1658
6557
8237
4217
3457
1933
871
718
7029
2997
3046
5627
4415
5696
2486
545
5223
3574
2234
276
3159
7098
7142
4963
427
9655
74
546
4885
3217
6543
1126
9933
1659
9610
1244
1733
3157
4845
6326
3226
5247
5437
3971
7222
1406
7294
1978
2547
3241
9850
9539
2042
4642
5072
7570
137
5164
1769
8561
3379
4461
3079
1816
3714
6385
1254
5964
8551
9016
2420
7729
5874
189
7245
7117
1677
3268
622
9067
2610
8256
5211
8345
6941
5134
2445
5247
141
7889
4403
5307
8388
5787
1305
8477
5133
5812
9878
924
6013
9882
6175
5540
18
5526
8025
7373
4632
9670
2076
6825
1242
8941
7683
9321
4518
2339
9983
1052
6329
394
27
1270
1450
4318
5835
9417
9603
3816
9837
3138
5705
3696
6642
5186
5581
4396
5686
8375
9226
9065
8538
9831
3855
5988
5987
2041
1079
198
4859
384
211
1786
1814
628
746
44
8991
190
1687
7520
4944
3808
6608
5660
9409
1695
5431
2244
1127
1807
5753
4272
4862
9897
2739
6923
9985
4699
677
3578
2982
6716
591
4486
7271
4234
7304
8937
3531
8162
4685
2241
2963
444
9910
9908
8048
32
5316
7249
1841
5673
1367
5342
5962
6564
876
5300
2401
2052
3987
2851
3554
3686
991
2770
5107
9516
5431
1895
9441
6089
5065
6559
2729
3048
926
6155
4819
7273
9641
6024
9256
9464
3993
7273
132
235
3261
5027
5974
9161
4135
8837
5845
6530
5465
7489
2029
9950
2028
3915
6647
4102
1552
2478
4086
3769
8878
7509
9901
4924
2761
7341
5983
9810
9794
740
2942
3811
4747
4717
7861
8428
4115
8996
5521
8914
7312
8792
8602
5108
5659
4618
4495
9901
1765
9233
5855
3203
9176
5847
5700
4031
2344
3011
4794
4905
1064
7683
1422
4255
9048
2694
6753
7298
2108
4804
1308
2653
649
6091
4221
402
8024
9815
8911
7219
3517
5964
6616
4746
2753
9411
8732
2182
8379
4095
7758
7666
8621
4507
2343
6995
6970
4610
3599
8174
2038
2138
4984
9284
2310
9549
2907
1740
4375
9030
922
731
4602
5205
3524
3842
4124
6095
2935
595
9652
2373
8735
3889
3814
3774
3740
8628
9445
2788
6803
7110
1077
9320
8875
4541
253
9763
4567
3653
1739
8651
7443
3834
9954
2526
7592
3390
6623
6110
8810
4061
6826
792
9680
5611
3015
7986
9475
8805
3435
5345
5615
2141
636
8180
1144
5500
6626
3553
726
6931
2441
7258
3312
5442
1752
1596
6999
1348
1772
8707
9385
6357
3790
7421
1382
5826
1027
1034
2431
7595
9010
7980
6250
2151
3360
2641
2482
8852
6647
8762
3020
4056
3669
7656
8404
4378
1617
8098
9573
839
3944
6405
6600
4881
4806
1080
9636
5578
6864
8906
5476
6617
2925
5547
9702
8087
9013
6804
3055
105
274
3411
6156
6170
451
9191
3299
8180
9280
3525
600
7050
9287
6773
5339
7237
869
9532
447
7129
8432
7254
5526
1188
2433
5343
3239
2002
5551
5967
3666
7424
7782
1152
9050
4187
5623
4893
2609
6676
8745
7961
2497
7458
1693
6456
4358
5012
9839
5710
2554
2066
7832
5506
8888
7054
192
8431
82
1149
3553
8087
6366
4636
967
6484
1371
6720
4148
5373
7921
6462
4704
4497
8071
6260
8445
4515
2974
3298
2408
2034
4394
3737
7324
6771
784
846
8464
6317
8027
8138
8673
4529
9161
7121
6378
6276
5555
1469
8895
251
7465
9191
906
8994
91
114
7500
8808
997
5636
8053
875
4738
8273
495
2651
3441
4293
5349
1886
5445
6974
17
5712
150
388
2402
1988
5989
5990
5356
7163
8908
7123
6889
8767
9044
9169
1742
4541
9024
5389
9529
414
1415
8992
6806
8320
5407
4873
3009
421
9877
4333
5733
2536
8601
9769
9203
7255
4613
6527
2415
7473
2654
2484
5044
8382
852
8453
9335
5845
8324
5505
7481
7582
1004
7624
4981
613
8750
4686
3354
2983
5758
5771
67
1757
7222
2802
7106
770
3688
812
9227
5922
7331
7745
8604
4497
879
5362
8474
2229
1075
933
7111
6272
4726
9742
8832
3806
1122
4935
2179
4344
6628
5292
8302
9843
5824
7333
7953
8984
8626
6097
3685
6033
7535
3339
6327
4044
4394
7644
6221
2527
8322
5773
5913
1000
841
7142
6523
9232
6399
1352
4288
1644
1885
7268
5193
782
4557
406
5607
9647
7046
7633
9697
4049
8358
9016
1880
3349
1417
5590
1858
1144
8406
4155
754
2058
9592
644
4969
1629
8553
4278
2614
5590
714
4294
3049
2371
160
4632
8597
5161
1545
498
2403
4040
3116
8988
9779
7869
6143
7430
1630
5317
1217
4790
8727
7065
6423
9036
1327
9466
7748
4276
3720
2506
2466
232
8705
1045
7325
7375
3808
7594
9630
8214
5855
1530
8678
5289
6989
59
8176
815
580
2905
1049
5583
3707
8602
8683
4786
5969
7276
6837
1462
7306
7982
9606
940
1095
4248
4968
2688
7725
5399
9130
8371
4984
185
2230
6710
2009
1617
8209
212
4138
7560
6336
6652
7618
2704
4248
1306
5251
326
7374
4017
9393
6772
3469
2904
5949
9456
6533
1598
9520
20
9009
5163
4627
1498
7537
4164
5035
8324
1990
3098
7618
3478
4220
1392
3760
6273
7281
2520
7657
7532
4276
7705
3151
9841
1769
9678
968
1809
2632
3262
8187
4085
7413
5971
7300
7522
4267
7993
2903
5624
1314
4758
7233
3063
6592
5120
3898
8862
1323
1151
4198
7650
2699
6336
8826
6712
7838
6099
12
4623
2182
2707
8820
1373
3373
1343
6271
9428
7880
2521
8754
432
7081
122
9147
3104
9199
7311
2002
5278
3161
4853
4079
9245
8967
8781
8598
4014
1761
315
589
5807
8577
385
6446
8369
4779
5491
7383
9940
5293
3607
1887
5585
4785
7867
851
4115
1167
5746
1759
8899
4975
1052
3672
159
8317
5025
1477
3927
6869
6410
110
9043
8142
6429
6301
3940
19
4531
5233
3350
1916
4279
6930
7678
1115
9661
5183
5238
3235
6268
6130
9458
915
457
7109
3598
3039
1490
3965
5174
719
2020
2996
2641
8897
3066
854
5195
9546
8067
6338
478
4602
4173
3200
5788
302
8964
3009
7836
3582
5265
7985
7902
1814
5761
185
9117
7442
6467
4513
272
3443
7485
4531
3148
7134
2684
8668
4986
7444
5814
3819
9328
9484
7311
3371
7231
8859
3219
3022
9241
3190
4118
79
8412
5423
8998
473
4816
7803
9145
9974
8025
4100
5529
1103
5688
9850
5944
1779
8420
6580
2978
9219
5153
7604
6126
9513
5963
73
2768
5865
9665
9854
8254
2448
2096
7471
9389
9801
6203
1708
1591
7743
1460
7110
1403
4492
2842
9319
8114
3151
4670
7406
7961
1228
4452
9096
1264
9502
6259
5002
2334
6056
4792
8090
3582
8217
5950
3533
8202
9293
9906
763
6210
6240
9126
5871
2745
7005
3764
5546
5581
1701
4956
5751
7889
8715
7564
3258
8568
3501
1740
8754
9232
6477
9651
2973
2937
5053
9033
1035
7745
1368
5001
794
493
5677
2642
4560
4485
2551
7260
6264
1405
3880
7714
6147
1052
9044
7775
5424
1707
6105
2377
8694
4027
4445
9109
1885
2739
448
261
173
6309
5120
9189
6239
204
1627
3278
8079
8885
7614
7924
8323
3878
3516
4531
8613
4463
555
897
2428
7532
569
2383
9801
6276
8332
9649
4653
1425
3590
4232
2152
9132
5127
4345
3100
9732
5228
8300
5584
1435
3702
7186
1360
8590
230
6787
5570
4558
6692
5956
2164
3423
3150
9602
8192
1645
1293
6829
9713
790
6468
5140
9152
4489
9058
7865
2311
872
7271
8112
4982
9308
1330
6345
20
6198
1513
8600
445
3133
7122
2589
3498
3721
5902
7669
2863
4251
4742
9549
685
7351
5213
4142
6216
7567
6820
4329
850
7021
6893
3295
3606
8380
200
7342
4801
6548
553
7764
1691
8320
2266
1553
5812
1790
5116
621
8169
4834
4201
819
9653
4727
6213
217
8388
291
4979
4717
3267
262
9700
8653
9027
6319
7258
115
6061
5659
8794
6523
1455
4187
224
3571
4308
2112
4428
3790
8306
6854
7739
3588
3693
1578
6929
7306
9769
8106
833
4185
3533
3991
8735
1886
1586
6137
828
1214
6634
9184
465
6819
1294
1042
5351
3191
8592
8838
9123
923
4287
9499
1375
2117
1753
5973
531
8469
7947
7302
5411
8210
6611
3717
2034
5493
4103
7694
6404
8177
318
6726
3729
4414
6188
9768
5589
6513
8779
5297
628
1113
6436
2005
9643
5705
1133
1660
786
9149
221
124
2477
3771
3883
4467
1282
6007
5317
1426
9316
6930
9916
3697
4750
6560
7611
4979
2380
4741
4057
6455
1139
188
2340
9607
6897
1620
4318
7121
4399
5575
740
416
1043
663
6392
838
689
8471
512
7192
7314
8596
8311
4038
8253
9487
4658
4085
6513
9720
8781
315
3029
1911
2900
8103
5542
2138
3518
2074
784
4967
1187
5286
6600
556
3966
6353
6037
4347
8445
7366
6367
1211
181
1288
1120
6717
691
1540
6680
7308
4541
9682
5804
3647
6535
5319
1358
911
2050
8507
1176
1952
2383
7314
321
9822
7441
8297
6642
324
1935
1262
4498
732
3897
1468
8845
5326
2642
6290
4772
2615
8940
8287
5838
7240
7026
2269
3981
4135
5182
1863
9755
183
2267
8183
1698
4703
404
1728
3963
2329
8411
8405
2606
6121
6774
1605
4888
3976
3956
7924
3899
1180
7646
2679
4591
2597
8568
5675
1654
4007
518
4066
7645
1231
3724
1915
4431
260
7821
861
3012
8540
2229
6784
9542
7384
6050
72
3956
3469
173
7102
4207
8623
4919
1309
7025
9195
9054
8422
7614
4146
6095
7633
5395
5982
5269
6944
3995
5170
399
6913
4049
9490
7888
8049
9727
5787
5904
5272
2660
7201
8160
4548
6581
5044
6459
6549
154
286
4087
9490
6153
2716
6123
7031
6448
6822
1579
7676
8587
428
5838
7795
7206
7182
2321
541
4061
4328
5620
9785
4095
4137
818
2570
8048
6255
4510
4852
957
5025
2056
9107
9371
3049
9039
1128
1801
4219
401
7585
8788
2966
9598
3444
9976
3989
9835
4664
4323
1330
7442
2864
9782
857
1654
3380
3174
6117
7860
3485
8079
6953
7237
8925
4551
8317
496
4777
7536
5858
6732
1925
1671
6820
8771
1114
8570
6923
7074
1494
9927
9694
5694
4736
9199
9653
1184
8870
4329
2873
9633
3653
3715
6746
177
6340
4931
2764
7712
8653
3547
287
7839
5498
2699
2730
6417
904
4977
6276
8876
1978
859
1166
5340
6557
4909
288
7926
7315
1726
2126
2681
6415
6701
9431
8944
8556
6625
3339
7829
2825
6893
6646
2847
1925
2050
3660
6300
9347
4111
8691
362
5722
9460
728
1120
2172
7844
6047
3785
1537
6793
1114
7360
527
5665
7893
5895
664
2470
716
4913
3168
6347
5258
4928
682
7794
3215
4440
6078
5850
7308
9123
6713
4614
5998
2478
7280
9273
3317
7696
8450
8957
5025
1370
1322
675
8824
586
1710
261
9653
6506
9623
760
784
3589
7389
4445
4438
7418
3022
8917
8229
1864
2282
5716
9590
4346
5950
3727
1944
124
203
3072
7317
1979
8675
3192
9555
4684
8416
1556
8857
3282
1889
2136
2459
5923
2001
2007
4341
5732
6661
9653
9456
3728
2658
8244
3651
4792
7241
1322
5465
6516
1985
2948
9387
439
6015
9923
9227
1265
7715
277
9244
7311
8722
7119
3376
2413
4716
8518
5168
1083
5658
5469
8866
2205
1862
6264
4650
7580
8230
1167
9295
1866
5190
126
2472
9603
2193
1337
8947
1390
4364
7421
4418
2611
3855
7778
5907
1831
4241
492
4091
4243
6831
6705
6542
883
8376
3845
7645
7946
3496
1328
1612
3154
911
2273
655
8193
3325
4077
4528
2487
8173
2736
7776
2420
6331
8915
3336
4215
3091
3918
1402
3200
6616
6821
4249
7927
3517
4350
801
8694
195
8947
2197
6561
4064
595
1524
2054
5736
867
9030
8479
1739
8033
5352
3349
8411
2921
9650
4814
3240
5168
4562
7303
7241
1934
3863
8844
5801
1337
5739
5044
4060
6092
5741
1722
3501
5926
4411
8406
757
9599
4361
9963
618
2885
5424
6249
9778
9253
8118
1538
9730
6102
6965
858
8375
5039
9291
4807
3264
40
7182
8856
1926
9405
4041
642
7225
4655
3448
4246
505
6389
7148
1534
9406
193
9259
7494
1892
2413
1671
7959
7478
2483
6217
6254
662
4172
6410
1868
5174
8704
3038
7015
6950
5372
8077
7421
8058
5218
95
6936
7399
8762
3668
5517
3914
4950
7677
9919
8774
2788
1258
9808
9560
492
7249
2072
8504
3369
1080
3710
1822
4965
1071
2019
5887
6796
8157
1566
883
2659
485
1650
6548
8081
932
8379
3716
4779
3354
1223
635
6798
6819
7858
9628
8309
1169
3418
147
6619
8824
6242
2766
4906
7765
3905
1765
4770
2060
2250
343
8229
9405
54
802
6831
2241
4365
8207
4595
4343
1220
9352
4512
821
9009
406
4722
6253
7258
6059
2037
4351
9371
441
5285
3781
5317
7677
7392
1247
3444
2700
9757
9226
441
8808
4198
4303
3703
3854
5617
8870
5721
3136
6557
9830
8096
9018
8471
5610
7258
8259
5259
3681
6157
4930
2888
3489
6148
3258
332
9657
2576
148
6239
4530
2752
8423
8268
706
9787
375
3242
8525
906
471
4857
7815
1683
8268
5431
8874
8096
6191
7650
2465
9021
9518
7320
8271
9440
4993
9546
8687
2900
116
4015
7081
9502
4902
6516
6957
7296
8220
7362
1903
4459
1234
9016
4671
3519
1359
4647
2211
8462
8948
1965
564
4271
5762
3368
6722
9567
8389
5020
9349
6673
8784
3648
3793
3494
3622
4803
932
344
8514
3308
8400
9888
5316
4767
6464
4551
1497
5979
9768
3530
4853
5408
2813
3814
4496
6926
4030
851
2906
200
4254
6526
6060
968
3295
1438
4749
4668
4893
4967
6189
8078
1524
7613
2210
3473
5614
1088
3980
5655
3437
3286
3063
3919
9698
8583
3917
8732
3671
7522
3477
4321
9487
3164
5596
8937
9944
4344
7982
5347
202
6370
4625
698
9775
4646
9727
8162
7151
2926
6958
3310
6646
6808
2397
1151
3268
4805
765
4247
4754
4926
1001
428
6300
3026
5444
9095
2783
8298
2878
5164
6320
9549
786
1653
9622
2927
8271
8983
8533
3268
5489
4357
5768
7811
299
7603
2026
1045
3044
531
6961
3149
4971
6299
6344
4977
920
8296
5736
7543
80
348
7090
8203
1860
7266
3339
5308
3431
9650
7572
5911
1562
9248
837
5194
102
3631
5766
5259
5974
7491
4106
5409
7774
6468
5784
7088
9051
3375
1671
2530
5417
3094
6709
9985
7803
4903
8132
193
8586
5898
9202
6922
3773
3475
5779
9459
9234
1800
7373
1802
1238
3309
9616
1568
3830
5387
7536
8673
771
4639
5936
6513
5036
830
4749
722
6330
8790
3636
3826
8541
8816
3041
9937
9310
946
6997
5057
4785
2033
5523
1158
9466
3283
2519
4781
8648
7090
5091
9704
1858
1757
8360
7223
9629
7432
1933
4163
8407
2756
8943
3939
2355
1834
7237
5954
3841
7024
655
3080
6505
7998
8107
9620
6948
7578
7251
3003
4472
4255
4470
9274
5278
2236
129
7912
6049
9161
9434
1639
644
2901
5305
2937
1665
6235
7572
382
6410
4130
5493
6235
670
883
5498
1687
58
1318
1128
4720
9496
9157
5997
4811
4153
2306
1841
8072
4491
7268
9736
771
6439
1644
7415
1494
1849
3143
3648
5548
3997
5244
4331
640
5971
5221
3715
2420
2142
5466
7531
5871
974
9432
4075
6014
5192
7553
4667
8106
4831
9790
3850
7866
5778
2527
3067
9807
578
8514
2365
6797
2029
6194
294
4362
5820
1287
6491
5215
6357
7355
2158
59
9182
6813
1381
8599
7215
558
9987
6260
3938
4473
1045
1121
4730
4752
5051
2088
9069
4593
3760
7576
2800
5975
2536
9133
653
7661
6294
1419
4499
9165
3239
2666
5147
8647
4830
8987
3906
173
7421
1513
4024
4667
8445
1979
5491
1060
4250
6822
4513
4375
3309
1887
7944
3969
5879
9757
1372
4012
727
8893
12
6180
6569
6479
3961
2522
4892
6222
7077
4018
637
8605
1027
807
5029
1069
8689
3583
7548
2155
3311
4425
9304
6662
5179
4242
9814
5742
1834
4982
8708
2536
9700
7460
856
1230
6317
27
321
1187
1324
48
8728
1732
1338
8514
2802
6762
9080
324
1541
5164
3597
5161
3044
9506
1931
3231
4249
6164
1549
7953
7422
1873
7855
880
4376
5467
3738
4428
4481
223
9323
2157
1713
6850
7598
6878
471
8311
4444
1385
5641
6254
6942
6797
1398
118
3101
5323
980
6627
6472
9073
2844
6011
8145
2349
1806
8810
8516
8564
737
1573
8517
251
1611
3467
9205
7825
8890
6200
6801
9456
7341
2963
7319
9096
3938
1687
3013
60
3660
5935
6480
2344
4544
3082
9678
7631
2364
4655
6400
9220
8485
3530
5616
30
5884
5987
8371
6607
5357
1536
1546
1949
8627
2433
8443
8671
9867
9481
7975
1700
1731
268
5416
7932
9599
8692
2713
4698
8264
7854
9394
1729
7313
9873
4366
6044
9144
894
7098
5258
9684
9139
4317
9158
6449
9754
6607
3621
9270
7647
199
1352
9215
2478
3221
689
1612
9915
2200
4098
7989
4603
2252
3072
6392
7951
4788
3751
753
785
7025
4360
2772
3190
6588
9453
3386
2148
5414
8542
8054
8621
7737
651
2867
1722
8057
8841
716
1827
3661
1738
7175
5546
3685
5877
2943
8647
2039
3924
3660
3294
5705
7756
6001
4813
1837
9704
1426
8209
6948
5934
9792
2633
3200
7875
723
2674
5803
3850
579
7825
8669
5095
5266
6495
2062
8226
4041
8046
5785
5927
7102
6874
1176
9355
5023
3163
3138
5433
6078
2039
9438
3386
7608
9812
8370
7490
5427
8731
9661
6775
6132
6120
8205
9133
1531
8718
9485
5437
7499
5447
6511
4404
1482
3353
2018
1815
8833
5621
384
1604
8864
9609
1351
6340
6738
3220
4882
7549
9704
8441
6195
8516
6804
845
1951
3760
8740
619
485
1161
1625
4151
573
5662
3604
8160
6634
2854
3244
4318
9883
6799
6638
2026
1859
6515
1473
3661
6339
5112
9444
5921
545
7510
2103
403
7240
8419
1619
6970
1659
8570
1223
2114
4759
171
304
1921
5332
6140
6115
9883
7223
6252
5626
8208
3399
3320
8442
7170
970
2215
6237
9093
5356
6704
2704
5711
3116
795
2955
5072
530
7349
1656
9019
7968
1229
9730
9729
6085
9803
4156
3407
632
3696
1354
6206
5879
809
6848
1592
4763
6221
1846
9082
2536
4342
372
2165
2158
892
8128
3055
6287
8061
3617
1462
2270
4217
206
1781
5920
8729
7832
95
3138
8415
4241
5831
7574
6809
6936
7714
5275
2607
8739
9317
8727
7804
2311
6904
2836
7466
4598
7820
6101
2198
7845
9016
4724
3778
2153
4383
1401
2441
2446
8430
3336
9341
2836
881
6856
5692
9062
2069
6732
2001
9736
9432
9023
183
9068
749
689
8761
8865
4171
5080
8788
9609
6645
8709
8062
2054
3284
6501
9599
4608
3857
4144
4237
1909
1711
3185
3335
9101
9828
4867
2487
4521
649
3572
858
3096
7191
9912
1260
1093
3585
3693
5740
2193
1648
5766
7247
7720
73
9687
8224
6643
5963
972
4293
1705
8229
8118
2189
7298
8548
4115
2517
1882
1482
9593
7049
9103
3354
6479
5320
2743
5120
5175
8689
2976
1422
4492
6298
4789
3600
4628
7807
42
7601
7890
7319
2181
4311
1931
7474
3321
3641
9826
8142
4912
5745
882
4777
9652
9900
840
6113
7274
5965
9467
9991
2043
4930
8873
3890
8033
15
8351
9856
1434
7510
9684
7175
2860
3449
3907
5370
3941
1174
131
7207
9358
6416
8260
2685
8780
2766
1224
635
6562
6829
1724
6163
4326
7697
3682
3805
2958
9577
5853
8696
5719
5695
839
3003
6738
4879
946
570
6924
6991
2953
9748
4936
9917
9138
1497
986
343
3812
6249
3091
3314
6415
1816
7108
4974
9435
9661
6001
7489
144
2330
9956
4192
1487
3477
3579
1069
5245
3941
239
4793
3498
7113
7906
842
1809
9170
1892
1528
7022
5424
1633
7682
2342
1098
9994
4910
6040
3063
9471
701
2527
7338
7127
2348
9200
6411
6187
5559
3127
2255
9253
5256
2280
7289
4848
5341
2500
5322
1436
6392
6459
5524
3872
5519
7848
4813
1180
5300
2493
6031
1435
479
1003
8300
6993
328
4238
7150
8903
9457
1060
7213
8416
1407
9176
6249
9462
2937
4319
423
9686
8792
3966
7625
629
1167
5990
2214
9965
9397
3502
6841
4009
1901
7035
309
4137
5239
6989
309
1777
1119
121
3697
7284
9378
8015
2797
9753
9009
5447
6956
9783
4303
2621
5795
803
8868
854
6712
5442
9892
7438
7320
3885
5466
6912
9783
9441
9949
7921
6771
9679
709
3993
6514
9159
135
6239
3897
6347
4779
32
2638
7139
2671
8795
805
6030
1732
5596
9911
479
1014
4995
33
1259
8330
5936
4601
8749
2895
9726
379
8020
7127
8121
2705
9579
9279
4173
1745
3906
8762
5628
2912
2942
9356
2732
7140
9354
5602
8907
7672
8359
4335
4575
4216
6408
7664
3566
4412
8627
3153
4679
4370
3412
7929
5228
8580
1908
6896
4893
5912
1905
1266
1585
902
2155
1611
3491
8900
5963
1553
5111
29
6479
5265
2040
7825
6550
4578
3263
9334
8341
7446
4322
2204
1763
6207
3622
686
8312
6414
3698
3459
8508
5766
2083
8532
5007
8096
645
6297
645
1543
7141
8557
2699
7043
6240
3872
4827
7459
8710
714
2599
7955
5985
2476
1430
2349
7532
6899
3224
1612
8066
5190
9224
7916
117
9567
1901
4926
1159
7398
4604
6327
2200
1225
1454
4455
3500
4760
1450
3047
3784
4732
9695
5579
2713
8360
3807
7096
2802
8631
9515
8191
4624
7045
3239
1431
8027
7466
7354
4313
2203
7761
9941
1941
6788
7415
765
9522
7888
3486
6023
2466
8088
8081
5679
8595
7198
4770
7908
2434
9210
3279
6195
2539
8367
6691
9951
6075
4378
5289
4650
9638
1862
5308
1603
4804
6174
8665
9004
695
7600
5670
5686
4984
5290
8364
7723
4063
2757
879
7096
6368
9098
8606
2469
4114
4309
9974
4115
8060
6437
7457
2225
1353
3884
9452
4298
1866
4985
2278
6078
1178
6448
2100
8075
9437
1491
9281
6217
7329
7503
9539
4271
119
8022
2905
4277
7867
4196
4192
4839
7134
896
5573
9826
2837
4913
4516
2414
1002
9674
8767
4504
4416
1204
2923
8219
7029
9222
5940
6858
1584
8147
9217
7453
4729
5361
8850
6230
3784
2833
6774
2255
421
4656
8809
993
9919
4953
6586
7475
3880
7380
7706
4894
5997
1471
1536
377
4500
6888
8602
1621
3614
8052
3918
7335
8091
3311
5839
637
7421
416
8075
8031
9557
3976
7281
4372
6698
2888
5472
1438
9080
5852
3770
2147
20
2711
1879
7336
2318
3836
8438
7820
8799
4790
8190
5359
9746
5013
8851
1789
9455
6358
3093
7211
1746
6269
2946
5933
9499
2529
3755
8465
254
7061
1171
3356
938
8015
2724
2894
535
2758
9836
3348
8664
5613
6469
2827
560
9990
3907
2060
3378
2645
2966
8488
8576
3090
8767
33
9013
1146
9183
1474
9262
9987
3706
9244
6210
458
6315
846
9667
6651
2017
5425
1181
8892
9527
4045
1131
4262
8162
428
6809
9633
3379
265
3475
4828
9996
1251
1517
2853
495
1876
1516
1691
4130
8136
5377
5021
4815
8109
8294
6878
2600
4694
113
7000
5943
9819
1413
3306
4020
6465
4600
4208
7344
2450
9504
2942
6557
6136
2742
8264
2016
2203
892
3904
7391
1572
5354
4733
2997
4349
1092
5796
3317
2712
4408
2454
9867
6617
9892
3206
2349
3104
6500
9301
5008
5927
1321
8492
5527
8436
4469
1701
726
4635
3202
4262
5766
7172
4034
7324
9681
7508
1954
8592
2140
1258
7448
1848
4741
4313
5051
1949
7826
397
3777
9555
4888
4924
3843
5387
4845
1402
5661
6433
9525
3352
1938
354
5273
3963
2813
6111
8935
8661
9170
6982
7554
450
2690
5891
7785
560
8141
9859
8101
5227
4994
1872
5084
8005
6834
7342
1716
5471
7139
6656
6497
8199
816
1112
3054
6718
1886
9498
2858
2644
3001
8475
6538
5025
252
9803
8685
5491
2720
2876
1325
9312
9932
7630
9440
1143
8075
6729
5758
1255
5387
1014
3069
5003
9409
1963
9545
6528
9
6593
3183
853
5435
3970
1992
382
1514
8052
1731
7637
6423
4973
1131
5981
8882
3443
1800
1988
6112
785
497
6837
4488
2055
1007
7079
8407
5439
3628
262
1619
8743
3514
8860
7613
1616
6577
4891
5599
8642
9472
6537
9637
7066
4581
4185
7385
9809
8167
5410
6998
6058
2432
5102
8958
871
5465
7985
2439
4728
7869
3556
8288
706
5919
6205
6865
72
6808
1149
7664
7961
8872
1974
2640
1413
7566
454
116
317
9411
9284
8722
9398
2912
9830
2818
8490
2415
988
7109
7147
8607
9165
9427
565
8978
6413
9532
8975
5585
5271
7984
3421
9919
9069
8683
9813
5866
8089
2792
9563
3886
9790
4342
716
291
1824
632
7043
1191
3309
3590
1500
8023
5078
1920
2931
5718
1070
2451
1384
8496
8767
2036
3009
2152
1779
6618
6331
2734
1605
9576
6079
8716
5076
3640
6861
3135
6513
9251
6872
7747
4374
5548
6302
9991
7987
6172
769
4768
1430
2104
1671
6666
1158
3136
4523
5529
365
2049
189
4957
9215
2281
4109
2755
8427
8874
4575
56
8877
6935
4091
5752
733
1052
5
1685
296
6619
7924
1396
3944
1505
4576
9858
7075
6071
5229
964
1965
4499
1423
2619
5163
2239
9449
5621
741
1
7269
592
9975
5066
9762
4874
5797
8443
6677
4373
9656
416
8382
3654
8857
2032
3225
2476
2200
9773
6748
5213
5033
1222
3043
4636
5628
1261
9542
5591
3464
8594
868
845
3252
8989
5871
3117
2721
11
9091
2665
7447
2480
4356
9226
4619
4763
2899
2524
986
9911
4012
6378
5924
2429
2336
9877
711
1623
2234
5325
6231
4864
2543
3922
8104
4295
903
4596
8344
6946
6451
4855
8971
4110
5818
9267
8883
2293
1076
1575
9580
3353
2962
6445
6770
9644
9463
1225
2816
8786
1479
6571
5782
9614
7691
2308
518
8441
4238
5957
2139
3842
6696
2514
9878
7023
5076
5654
5318
1809
6735
528
5107
1606
6096
9051
5384
8183
2638
764
2874
7730
9955
1764
7961
2130
619
7749
9907
7002
2840
5394
8127
1777
2630
5775
540
150
5510
5223
7127
8661
5241
6380
5571
6130
2171
7800
3736
3570
3305
611
3914
2842
4848
9070
5445
7583
1716
8603
5842
5259
7593
6800
4377
7297
6146
1520
6787
3608
9123
9177
1674
5764
9541
9245
5167
5330
1862
3576
6712
6673
459
272
6116
9662
7971
1739
6668
2136
4680
8346
984
8883
6517
2738
9227
920
9103
7259
4925
1785
2721
3266
6531
6209
712
7689
6700
2602
4055
527
250
1960
4296
1546
2731
6531
4464
8895
9668
5683
1054
8708
7561
2788
2224
4558
2283
2360
2305
4260
3950
7243
8307
2996
3798
7122
229
2547
222
6877
6209
2800
6244
700
629
8994
9508
1741
7579
1712
6176
5107
3175
3167
857
4482
8013
9318
1308
9047
4653
1773
3932
1045
7644
6916
3960
4954
1584
1760
9720
9632
4407
7376
3993
2815
6517
1614
7555
4239
296
4656
6980
5180
7961
6814
9083
7362
914
8447
8354
9480
7814
3356
9817
233
97
4118
3675
9325
8222
4515
1439
54
7615
1171
2062
38
9500
81
7003
654
5723
116
9428
7153
872
230
2964
4968
3489
1580
2738
7982
8241
1444
7641
1739
8279
2381
2037
9118
1634
1120
1191
3716
4187
4236
5877
6773
5087
591
6001
3293
6216
3760
2420
2408
4471
2569
9815
3303
8815
3635
6894
3487
9297
3209
8994
6160
6032
3375
4409
8067
1312
4763
1539
8589
4480
9121
196
9552
6209
6172
1321
7985
3858
4088
25
20
698
6637
2873
3171
577
3670
5436
7006
7082
5488
582
7948
8817
8494
267
5423
269
9945
2440
7398
1251
7140
3661
5148
935
941
6182
2893
9791
7312
6229
329
566
598
8766
4353
5641
1450
4383
303
5425
1932
1113
7362
9134
4463
3087
8694
4301
1037
8106
8002
8726
938
1878
9979
5668
3589
1453
6
8545
891
5486
2555
8382
7078
3754
7781
556
4851
763
1493
6458
5713
1520
599
1643
1333
7881
6060
339
219
1916
1190
414
1126
5410
9938
4845
2057
6898
2064
1102
638
871
46
4342
6211
1888
9682
5246
501
7108
6438
6711
7844
4255
4382
1436
9430
9966
6389
5027
3655
2147
149
5711
4622
5221
7046
4357
7435
8376
1214
3080
7421
4260
4166
1651
7824
6405
4669
627
7027
6190
6933
9615
9415
4170
6027
3892
5044
7601
5157
4145
2582
9267
3572
5116
2724
4932
1929
1344
817
1572
4996
9764
4603
2489
9591
5656
8513
5740
4313
3294
594
7005
8470
9043
401
6580
8916
8633
3188
7749
1744
370
6283
5935
4215
4251
7933
2401
433
1491
7614
8025
7703
6262
7918
811
9877
7514
9755
9258
203
5205
2230
1126
6557
4809
4003
8802
6138
4925
986
6656
746
1194
9850
4924
6497
5663
637
8002
6048
4449
8471
1213
3530
7330
8776
1516
7268
6220
9825
7475
4246
8539
147
172
718
3540
7699
631
5908
4022
7177
8949
7367
2220
4904
7037
1318
2955
4536
7754
2828
7582
2111
7889
7938
7612
830
3506
6424
1523
7831
3882
5343
7315
8316
4595
4477
1625
6179
3833
5139
4710
4967
617
6828
7916
3208
6008
9099
1893
3697
4093
3175
8911
7610
5580
4323
4376
100
4192
3206
7906
8722
3972
2361
5138
1927
4527
9246
1787
4634
4090
1150
7682
1110
9694
4331
7054
1358
3391
9092
9231
1997
4079
1655
2840
5772
6400
784
8905
109
2474
6560
5933
8644
3157
8889
9821
38
996
6085
8895
9337
7502
9767
4879
6331
8938
1625
8999
8494
5030
5028
5822
6080
6308
6382
7787
8170
674
3150
5669
6942
9460
7227
1833
1283
944
7122
8470
3230
6502
5014
6696
4934
2250
3314
3999
9401
6208
9658
2923
3197
4690
816
7446
7870
672
3602
7550
9878
6757
8912
7566
6604
2019
1435
7145
5363
4954
697
9586
1154
8666
5718
6490
8212
5746
8660
6231
7958
8724
4178
4349
8814
6679
6091
1675
6139
7640
918
4565
695
1726
9307
8954
5000
5961
8581
5793
6902
3895
8546
4677
5208
4178
8759
5914
9383
6009
6080
4554
8388
9498
9190
7201
4453
2809
9114
8001
7626
7807
877
3251
990
4497
5010
971
8473
9356
9435
2982
9810
9434
6752
531
7330
6644
7934
7771
4452
293
6299
2558
6232
1286
8072
5068
9815
8347
1408
348
8032
4489
3213
5260
6049
4402
9978
4774
7761
2639
4690
2460
6762
7160
1431
8304
9461
8499
6911
8978
494
4407
233
6534
9990
7308
5950
2561
6502
3250
562
3664
5393
4826
2969
5749
2339
436
5254
9775
4406
7093
383
1013
9235
2661
4204
1375
1829
2227
7006
9554
8505
1062
3261
5381
3809
5841
7146
3060
6009
2385
8419
6673
5089
2982
4453
3313
4968
428
8219
8842
6938
4725
3652
1336
8768
1284
5859
8262
8245
9176
4656
1727
8089
9844
316
3793
751
3335
1185
2090
1473
7389
2968
5874
5475
9153
6612
4597
1669
5469
9100
6747
9505
5552
7142
1302
213
314
31
9704
7531
4151
967
3678
1603
6086
4681
2300
466
6948
7400
6134
4228
3866
4676
3001
5964
7024
2348
9860
7837
620
94
6390
4753
763
1162
5141
4198
7531
8597
6344
5593
5843
6376
6098
2970
2447
6664
2492
975
1003
4561
7085
5876
7515
44
9256
7616
7974
7488
1458
4580
3581
8228
7455
1148
3419
706
5609
6296
3130
3432
5051
8100
1967
1976
1504
8530
2084
2335
851
4042
9217
6290
3074
9880
5605
7028
4644
6179
5494
8292
5860
8766
6931
9891
8250
2551
419
1188
2644
3517
2492
9068
6774
287
9425
9593
4603
3504
761
2127
3174
1942
8152
7021
5754
9489
6428
4975
3394
7641
6
6604
5053
5952
6579
1807
6330
5878
135
9971
6557
5628
1493
4423
3035
8176
2812
1249
3655
1431
5265
5871
5033
7704
1029
7400
8680
5061
7748
4417
7988
7045
9418
9196
5138
9901
6353
6379
4197
6669
1435
8370
1461
4854
8072
6234
5727
1513
3365
1826
1001
171
641
5920
6336
9573
2637
6454
6480
7975
5120
1503
7407
7244
6308
6520
7830
3225
2576
2667
8237
9791
9187
8647
4066
1233
2698
764
2966
8127
846
5842
9988
4400
5613
2121
4639
9886
1075
1562
8903
155
20
8765
7751
1730
985
6468
8334
7321
7493
9844
39
5346
4803
2276
9064
3520
3326
8143
7172
6358
1276
3
2957
8443
472
7579
9033
4410
603
1434
2000
7366
5142
270
7072
3755
5630
7668
716
1535
7140
1690
951
8072
4208
3215
6345
7751
7369
7559
3805
1602
4900
8107
7511
1823
7623
861
6308
5259
8489
6057
1359
1067
6792
7830
7869
5066
1606
9548
6823
3522
9952
8288
3602
7238
2604
8923
108
9483
8159
1577
4212
4582
3641
6316
5478
7984
6478
6289
9571
8871
4849
5066
7193
9326
4463
1595
2164
4453
9749
1936
1744
5171
4414
9451
3018
31
5853
2604
8146
846
4900
5880
3599
6567
8799
4300
3935
8435
3712
4187
6441
3792
2024
4851
6754
4532
7502
5214
2343
2382
6399
4132
1197
9736
18
5470
8227
9208
6758
1445
1969
8711
6043
7081
1344
4297
7290
2286
6213
9114
1522
6656
9579
9994
8576
7847
5084
159
8010
9173
9996
3562
2536
7165
1682
884
1039
4190
3587
9526
667
9724
9933
8471
1689
2432
3613
5632
5422
4918
3901
9484
8536
9508
6910
715
255
5034
8509
4341
4487
9508
4293
6540
7716
8349
5250
8347
9978
4334
4237
5851
577
4260
3897
8948
1297
8544
5736
1263
1216
8199
9898
6538
9541
6218
3236
4869
984
6032
105
6138
6296
8335
6344
2986
9816
4313
9889
2929
3687
8931
1157
3579
2490
9329
1609
1153
9353
4589
8646
8907
1555
5127
4225
1674
9758
3446
7906
5645
6223
1581
6963
3072
642
712
6871
9542
6871
9157
5332
683
233
4992
7774
9916
4748
151
2610
8162
9170
4636
2251
9097
3290
4409
885
2222
6167
3037
6572
4263
2840
6325
1327
6093
8600
9670
7159
1125
8372
1078
14
6444
5621
9514
6990
9216
8554
5962
9863
6027
1955
8113
283
7914
6475
4225
6538
8797
5955
3955
886
4375
3927
8444
6226
132
5424
3915
9548
7738
421
2238
8867
7609
9487
5508
1511
8252
9768
2606
4092
4977
9406
6575
202
8629
5193
1779
2117
2712
3095
5035
404
7168
3905
6070
8495
5866
2604
6411
1322
4491
8574
3586
6728
7956
9706
707
270
2964
8250
3639
2774
5303
4280
6843
3628
8508
5929
7890
8009
9093
5558
8746
2425
8871
3033
8663
9259
3426
7984
3883
9909
666
5489
87
8241
2787
2331
4411
6135
6764
2932
7433
8312
5298
5444
440
4661
5349
2717
2916
3130
3831
661
1171
9579
2608
8562
8819
3433
9072
7506
9886
5120
4700
2499
9135
2304
4105
1381
655
6998
6807
1866
6440
6279
7524
8183
7643
5897
8370
651
4876
7565
2578
232
3819
9804
895
3538
3630
9389
1112
4995
7865
6353
2677
6105
3856
9371
2395
7613
8707
8287
4522
6113
568
3782
1731
7109
4055
9627
6935
7109
7150
854
763
6611
8133
5026
6008
8588
7292
6012
9726
1834
8720
5882
5561
1094
9708
2470
460
2551
6108
2374
9513
3068
4605
602
8802
7153
4625
5921
9994
7697
7438
9383
2117
1993
8182
1279
3822
421
4209
7081
5095
1961
4710
4417
2651
3054
4089
132
8320
1495
5518
9407
3256
2814
7867
9510
9462
7040
7484
8461
6173
850
4528
2134
3636
5087
1457
2120
1878
7903
9825
217
8486
6629
8816
3688
5536
8581
8297
8457
171
2736
9516
4222
5226
7565
5191
1246
9554
6374
1453
2804
8117
9852
8088
4583
813
8408
7851
9841
5380
5664
3584
4223
1776
1922
2193
4004
156
3807
738
1562
6050
9399
1915
8198
4229
6829
4739
7735
7370
5206
8087
6987
9366
2580
2619
3661
9426
9114
7687
2671
9308
9051
5155
47
2504
6835
733
8714
2067
7921
8839
90
4615
3839
1614
9085
6747
1072
9860
9956
9314
7221
7263
9012
4532
4188
3611
1004
4777
4246
634
7075
9409
7427
1964
958
2898
477
7962
7532
1577
8781
1259
4590
5233
5485
8377
3061
3201
8412
3166
4057
3023
7159
9193
6692
2018
4698
5037
1721
8422
7635
7320
8756
6473
7887
1632
2816
786
6307
5145
3823
5857
2457
9764
601
1169
1365
5746
1939
3114
4387
5606
8475
8948
6447
5384
9903
8277
6945
3637
2263
9643
5795
9124
3333
5014
4720
9492
1671
828
778
2337
6278
7152
9448
2325
2127
1149
2779
2218
28
6300
1115
5054
3886
213
7666
6976
6008
5425
7413
1831
1243
6190
2651
5138
1130
652
8235
1002
2409
5877
3734
2035
5495
1610
4014
6705
6949
4728
66
8632
8706
8361
3991
8956
4980
4582
3444
8374
9589
4986
4858
6488
4760
690
3390
9191
710
2849
4869
2775
122
4880
379
4726
3061
7987
63
2574
8430
8854
9870
7454
5258
2342
7899
6482
1556
2940
8904
4606
4393
3236
4516
2666
3730
3628
9841
1335
2991
3623
5696
4976
7117
1042
7708
4331
7427
5902
144
6927
111
12
6037
160
9544
9159
843
2037
6831
7050
8419
1275
2295
8898
4568
6866
318
8350
8504
7509
5863
2452
834
5031
5366
6525
8990
3657
3111
5856
2067
1560
2203
5661
1113
51
2912
6879
2620
1930
3195
308
505
3650
6373
2569
8312
9845
4479
750
3878
7318
7508
5386
9534
4482
9178
9175
9876
4338
6803
6093
7566
3853
4518
9501
8783
2330
4133
5267
4560
499
4364
4943
3373
1174
2741
2141
1178
1637
5146
3808
6208
4573
9400
3997
5096
1731
7772
2131
9859
7722
4925
5689
5876
6082
6837
5216
3258
5034
2173
1752
8781
7654
4020
1390
5924
43
156
1586
865
6967
3282
5862
8170
5007
7064
5843
6549
5232
9024
2758
7247
1078
2551
968
1241
619
9227
3915
6895
4519
443
5487
7686
6806
8170
5877
2098
8631
2031
7755
6785
288
523
4566
5031
4047
4168
2862
5143
1627
5003
3
9355
5674
3910
8957
753
6492
749
5457
4770
4500
8834
1903
7439
1382
9375
5592
7018
2731
3504
5950
8046
8370
6986
2931
1053
3522
4364
4947
3844
7034
4896
942
9052
3017
1550
525
2464
4537
942
2790
2886
9653
3591
1691
2636
7276
1065
3132
4737
6366
8100
2557
7213
3475
8178
6338
1245
7611
1880
5094
9999
7872
6212
347
9222
1895
5059
4332
3834
2966
4978
4511
7936
4655
2255
8518
3186
218
3852
1108
2234
3346
6862
2812
8016
4069
4856
821
5598
8543
8095
8907
9932
4832
2426
6735
6284
1817
4121
5742
5988
3415
7134
9614
7044
4950
6444
5653
5907
4502
842
3332
6907
6155
4244
1985
6957
2478
3743
1378
546
6129
6871
8261
1311
1808
5255
5085
5283
83
9235
1142
1825
4576
6165
9530
2709
7549
2419
5900
3877
8515
6858
753
3013
2078
1065
9102
4391
4673
6604
1549
4797
1638
4914
7561
268
8899
3374
4153
383
536
8535
4650
885
9141
4412
3284
3144
7209
4888
6798
6843
677
8525
1262
3375
3806
9633
4792
2210
7809
2066
1256
9572
9025
902
2395
2519
381
6707
5047
1523
5133
6856
908
7252
90
3270
2658
3345
6285
2367
9137
5737
7599
857
4127
6507
8240
9583
9091
8306
9092
5797
393
7787
6983
6933
5247
181
6753
5275
8988
4596
6373
1849
6752
4082
7587
9816
6823
5075
4430
5660
1671
8259
5479
2130
2072
766
6120
2360
8771
3979
7789
6137
7955
6710
8220
6037
7256
4473
5397
1849
9851
6022
5941
5055
5324
4820
1573
3317
2503
7715
5743
6130
4565
1261
1824
5115
6094
4747
9849
7105
3692
5298
1279
2548
6922
4152
627
2824
8924
2231
3420
6466
8729
3548
9872
831
2690
1164
7666
193
8902
3429
9285
9799
1742
9740
9470
5800
7924
3064
4039
7196
1857
4825
9792
583
7523
1782
145
3027
9565
4659
4650
9208
5032
7803
2635
1307
5976
3952
4303
753
169
3068
9747
3934
7496
2498
6469
1166
7118
4598
471
9966
663
950
579
7800
6929
3732
6329
5242
4640
9073
1523
2146
558
7367
8553
3672
8592
9027
6704
2488
9795
6653
2558
5946
7413
8197
8265
7152
8369
3436
3197
3291
5090
6508
8892
650
5704
8677
7039
6961
9384
6405
3819
7778
94
947
383
5242
5086
9673
1258
4202
8905
8923
1721
7360
9914
6184
6558
9330
1807
1452
1580
2903
2085
9599
2175
4194
7037
46
3944
4699
5595
884
6886
6636
397
5780
4289
37
4040
2150
6735
5884
4717
4060
5737
1973
6699
8527
2344
121
6110
5211
777
7270
5542
9363
4576
8339
5298
515
7144
174
3771
7232
5768
3972
9357
2318
7505
2205
2464
7918
3093
9409
4661
4657
5442
6379
972
9790
5643
9656
3778
2892
279
9548
8279
6397
9267
3122
9406
4631
7906
2461
2189
3695
7877
7615
9076
7716
7814
949
9067
8838
9934
1214
8900
8801
5335
3751
5648
5050
2107
5892
4621
7284
587
2764
4749
7311
8380
514
8082
4911
5931
7019
5797
9876
3457
9377
3590
8443
7458
5955
5373
944
2559
6870
3919
8814
3996
9981
5564
2133
8204
2016
5077
9623
8072
2764
2508
7711
3454
7287
8164
5934
9318
5294
8390
3107
7296
2093
9557
2631
6169
9722
7594
258
8493
9390
8169
9869
6358
6721
4260
9397
9506
1217
3022
3272
9859
7214
3463
6352
8912
1446
6694
7449
2712
360
4614
4225
8230
8583
1735
7771
8769
2285
5
8111
1723
8489
9718
6626
9529
7734
9356
7597
3089
2522
6522
2716
9471
8728
5780
8790
627
658
4991
5476
2612
7486
775
5392
2600
4227
4927
1932
4443
8257
3539
4859
940
7227
6778
2432
7640
2962
2375
4721
4926
7519
4575
3335
7089
1340
3669
4917
5772
2623
272
4179
47
5460
6302
1110
9144
647
8962
8429
7901
6251
3176
2170
1030
1497
4010
2092
7671
6840
2827
6677
2203
9093
5296
1901
700
9215
670
450
4927
6370
8319
7625
8525
5534
7663
6678
7851
4884
6498
371
7739
1565
5144
5585
6667
4998
8872
8953
652
811
7418
9053
9693
1039
4337
1505
2549
8709
3397
5135
6400
895
8159
1371
1233
1952
7517
7011
8485
5920
213
3250
200
6668
9271
2819
7409
8823
6459
972
3704
6321
2713
270
8472
3345
759
6391
6608
3730
7949
7618
6467
8504
8852
3932
2575
6574
2685
4932
7531
9518
9167
3758
9337
9532
2904
2467
4891
1247
4500
1225
7602
1996
1163
6747
321
1056
2181
4741
528
6090
2329
542
9116
4564
4531
5377
6124
2252
2755
7786
223
4867
5490
9354
3505
8817
1872
6567
6924
9298
377
9155
6923
6849
2342
2039
1898
9744
9279
8653
9305
9153
5870
6087
4416
52
8831
6622
9868
2190
5747
970
3958
4146
1204
6763
9893
3262
2067
5314
1002
4997
6541
9792
3018
372
6604
8
8
9971
7673
9379
7200
7547
5728
2689
4497
8766
2172
3270
9506
8055
9825
1545
8293
8479
1576
6756
3752
761
8069
9416
4696
795
3348
8417
5920
7705
4898
9938
3808
9312
2808
7052
8665
3691
6738
2880
1940
7334
8430
1919
9042
3133
5712
9561
6574
4927
9682
4218
4719
9621
9689
8126
7354
4153
8547
2269
1780
5348
9244
6759
1060
648
3167
4716
1991
8503
2809
4328
237
2574
6218
4522
497
4226
7045
1504
4039
8917
1031
4369
7709
7877
7316
5846
3972
2258
3229
4854
7480
2889
173
4044
8378
1553
9187
6855
5615
4577
6266
1998
5713
1677
6851
9950
5251
9547
8596
7665
7538
550
6682
1693
9271
206
4362
5366
5082
4938
3494
5537
9824
7980
5787
9398
7396
1967
6854
4928
8084
2479
9670
9733
7058
7012
1517
7117
8283
4413
2433
7984
4565
9045
2911
3137
6625
3701
271
1425
6927
1366
1410
9985
8273
5440
5064
9912
5064
9988
654
2940
8923
8563
1012
5793
8086
1065
6893
3547
4046
218
8431
3714
5538
8231
3707
4961
8382
8668
6039
9147
4009
1305
8854
8587
1294
7035
8201
4486
7848
7991
5790
8127
1143
4274
7719
4166
2687
5872
8198
1870
2399
1223
4484
4841
4703
303
8177
6563
3618
9928
3125
4568
5563
8392
1589
2899
3692
6191
5793
7284
2890
7657
6923
4380
317
5904
8626
2536
4771
3644
4220
4440
5363
7320
1874
3211
3215
2385
4309
2409
738
8797
2990
972
761
3366
7171
9244
6479
5154
5046
3334
7665
752
1719
4568
6112
6769
4778
9675
4996
3665
4499
6846
6637
5552
6830
6939
1781
5010
5883
9320
9154
8143
4614
4620
9735
8391
8501
8587
5018
7206
2938
3504
112
7184
8216
9926
389
4441
2643
6788
8840
4835
4704
355
8290
9381
6299
2413
2791
9749
3032
1731
6293
9074
753
3450
7785
6864
1197
7076
9842
5792
5602
9863
9165
8539
514
3068
8703
9452
5344
6390
8753
8263
4166
7964
213
1290
847
8405
232
1470
5823
5951
7424
5290
9474
3548
1764
5124
1218
2858
4666
3300
9122
5821
3035
7288
7463
9820
1891
9998
9015
676
8469
5377
6329
2909
1339
7730
2588
5879
5323
6226
9860
8752
7158
7178
3614
6565
4234
6136
1701
2754
5319
1206
5725
3016
2366
504
637
90
372
2578
6218
132
6935
5268
1102
2537
4440
8227
8487
4631
5478
2693
3835
2249
9179
8168
2681
441
8048
5887
3708
7904
8700
2714
2217
2971
9385
81
1511
3099
6519
9582
9086
9738
9930
2964
7543
7477
8223
463
5988
7386
3564
1129
8281
5007
9541
7174
9031
7564
8570
8109
9834
1031
7933
4868
3800
2794
5570
8535
4409
3395
7984
9284
4934
8248
5652
4230
347
756
5716
475
6710
6947
4961
1428
8977
6598
9941
1546
8380
2323
8204
4551
1715
9036
6736
456
7567
250
7068
7517
9608
2182
3682
5369
6184
4131
8104
6701
3691
1148
9004
3420
2482
118
8569
8554
615
4737
2818
1382
939
0
4923
8033
4059
978
7270
3033
2066
1789
4171
5575
7479
1191
1553
8866
8166
6336
9049
2141
8205
4703
5787
260
1197
903
5608
5310
7008
5061
5469
2719
5945
1289
393
6461
679
6671
5334
7149
308
4681
5715
5098
2922
1051
2754
6081
2181
7250
2237
5979
4356
7937
6756
7736
8776
6826
1553
8852
6959
8886
2349
7497
7754
8145
4811
3409
2586
789
914
7222
2506
1153
360
8377
5430
6661
201
4363
89
2253
5239
1483
4228
2599
1148
6268
842
7363
3034
9121
3032
3607
3684
7800
7090
4444
389
465
3497
9352
7838
5146
9416
153
8206
3800
2958
8010
2729
4676
5910
2405
6395
6751
8097
453
6886
4531
4134
5367
566
6424
6927
1085
8614
6880
5749
4206
7084
6144
9286
7133
3391
6667
8242
8549
4697
3052
2374
7998
6311
8480
7199
78
8429
3645
5744
463
7830
8451
4111
1672
1785
2702
6809
7723
1960
4453
102
1099
5090
3874
2023
8504
8776
4606
7260
3465
397
1960
1954
2052
3590
5074
8841
7725
1633
8585
3380
3288
210
8751
4890
4332
520
9366
3129
9015
4558
2555
7930
920
5117
1948
8895
3549
4142
2615
3945
5945
2110
4241
7623
5697
6011
9472
4856
9588
1147
694
9905
6421
5339
4554
7243
214
5413
5044
3571
8355
9931
6357
5125
9000
7999
2673
1251
5983
2693
6842
9118
3050
9872
7130
1368
8377
489
7213
8032
6553
6383
56
1484
9210
4104
266
7173
410
3445
8141
1084
8563
1011
2025
9242
6942
9518
2422
5702
8915
1936
1659
1759
1151
5287
8840
6921
4415
5157
9708
277
6639
7377
6964
984
6890
4202
3905
8781
8701
1244
1188
215
6860
4011
473
7519
640
3612
62
2636
1596
5908
5054
4560
5083
2087
1678
5854
5641
6002
8290
9978
6874
2341
6685
2905
4378
8216
3188
4184
5841
8590
7998
8168
8770
7751
8986
6326
8561
2559
9933
1385
7664
3716
9159
4485
9316
8037
9696
8236
1144
1637
7028
3604
6222
6607
7112
5060
13
788
1303
423
5020
527
8270
1587
1017
6618
625
1316
4966
3785
7672
9154
7888
2580
1257
8785
1326
3
6467
8166
8707
8017
2356
4439
6239
4787
1800
4795
9064
5682
9614
9793
2193
3556
8521
765
5108
8040
4192
2781
6913
9056
2466
7417
5491
4489
1690
5081
3467
374
3866
2113
1596
3179
2423
9079
1026
3253
2369
4676
8127
2087
8989
6201
1235
6783
8705
3097
5448
759
5644
3460
7272
2183
9455
3157
9483
999
9660
9473
4224
8402
5449
3071
6903
1927
6081
8359
6665
4889
2648
2835
8341
662
2648
2242
9513
9861
573
8683
3544
2328
9113
5215
3277
9921
9380
7431
6925
5297
6756
5324
7010
2892
5429
8342
8442
3240
5926
5228
7258
2531
1232
7114
4912
5188
4115
561
20
474
8062
5992
8506
7298
6667
1792
4614
580
6613
8789
9692
2412
6487
1712
4820
8998
354
1369
5767
6690
7466
4218
6792
4552
2141
9551
4625
437
5618
4026
1113
7667
8618
5075
111
5558
7685
8572
1766
7571
8085
498
7325
9387
5303
4431
1498
5429
5571
8141
4930
2522
5168
1509
6791
890
4836
869
8735
1052
776
1136
8477
7426
3717
32
3582
2315
7917
294
2002
3378
9656
2482
8036
899
5049
318
6968
6574
9804
3876
5361
4388
4382
1185
492
2302
8681
6257
188
8414
7739
5657
7250
8701
2194
8083
2329
6339
2614
3060
1036
4004
674
8970
1333
3896
2305
2241
18
6915
3569
8996
1302
2099
391
5729
5753
7225
3119
5749
7981
9454
4717
1479
7342
8022
901
7889
6053
8082
8531
6072
570
191
3272
3549
2323
2268
3746
235
589
8618
4887
3489
3845
4332
2270
6234
8964
1853
6890
4007
6933
4400
6099
2783
3492
7267
51
6237
2357
5133
8122
4007
558
6278
670
3583
9522
550
1106
8722
7723
5861
5058
2317
227
9458
2120
1568
8495
2431
7423
3883
3513
9178
7186
2821
5688
1910
9535
459
1822
3063
1645
7365
1950
4077
5751
2036
696
8456
2148
4328
4194
2346
6452
3822
1140
922
2746
3479
7520
2516
1153
9251
5325
9437
7740
8124
8111
2293
3453
976
6596
8901
9841
8853
509
7224
9591
6769
9495
4582
9483
9922
6101
3787
3892
103
2348
8039
9766
658
714
686
3076
3525
3940
2895
5110
2281
1947
4562
8450
7678
2442
2011
5210
8701
8271
7707
7426
1961
5539
6357
5277
4659
1720
8046
3443
5805
5390
7694
3121
2518
1394
8643
4525
2020
1395
7892
1572
5952
7682
6515
7553
3867
5254
1116
3036
2351
7160
986
2814
8640
5298
4553
7564
5649
6271
6726
9527
6179
8943
6866
4767
5447
7946
7989
2879
9061
1790
3776
5833
1045
9495
3803
1343
2955
3721
8732
2907
3440
4701
7065
1932
1931
7350
2293
4222
7518
9583
6982
8372
6252
8323
3352
2244
7833
2456
1866
5855
9754
7496
5877
5931
8428
6302
6701
3807
5552
5530
7280
5259
1860
4593
5564
7970
7532
9396
4030
3957
2655
7786
1284
8013
9279
9293
9203
4660
6752
510
3508
6912
281
6006
3946
61
6152
443
9007
8230
272
6187
6124
4080
1694
327
9447
6467
3850
3167
6311
486
2056
8982
8323
9238
4525
4482
5880
2786
4367
9554
3305
5110
8262
5724
7057
9618
2031
5714
9252
4119
190
6656
6771
7213
8835
965
7342
1684
4294
268
4052
8197
8733
5510
2567
3891
2460
8821
362
3460
7627
4775
9948
3382
9747
2653
3870
3824
7794
5751
4992
4166
5039
7407
762
6472
7399
4414
1686
4872
7126
5918
235
7478
9841
1134
6163
5065
5631
4763
7566
5260
8744
5297
2096
7731
9126
1310
9238
8441
7480
9999
6710
9544
8934
1258
4772
8179
9598
2055
5585
8035
8173
8091
7581
4109
4073
2130
1117
7484
7067
4632
8184
8496
2618
1685
8475
2018
7410
7475
5341
3250
1988
4493
8444
1584
9367
1573
9350
7044
7116
9922
916
6074
6495
1029
145
2093
6137
5990
6520
8703
6002
176
123
3890
3972
917
1312
6374
3435
6111
9174
8208
2457
4821
2485
851
9846
8566
4051
2349
8644
6645
547
1584
224
4976
5672
5020
6245
5919
1720
7798
4906
2774
5371
6263
7100
4439
1859
3092
4390
183
2677
9301
6988
8491
6341
836
1096
4463
7840
2883
8923
6178
6387
5338
1701
3938
841
7212
6816
111
4289
3238
2887
9087
5998
691
4244
9342
1015
2495
7366
2879
3807
8502
769
9347
2832
8103
496
5844
8720
2426
7589
7295
1558
1307
8321
8828
9973
8947
2431
4124
7703
1634
9451
3710
5445
1898
3889
4253
7570
6283
9423
5194
7544
9767
7788
8817
2442
4353
4546
9435
4168
2086
4934
6927
2049
4536
6201
2181
6499
5923
7814
4505
1118
4862
2892
6328
6262
3168
5110
4715
1415
6269
4086
4221
9603
8315
416
26
6103
6693
1458
597
6076
7787
3954
7558
1545
2740
7791
4591
5317
7393
9065
4442
9674
8191
7133
5057
9605
8745
8873
8921
5450
4232
4462
5035
8325
2184
2466
7792
5643
5368
9477
7865
2031
4605
2828
4825
4784
5219
2313
3791
5071
2194
2924
8915
8783
3816
7794
4156
7397
1977
3756
6348
2335
7296
219
2345
7377
7185
4582
5273
6554
5101
8030
8409
2997
8960
3689
9162
587
90
2842
4393
2278
4248
3058
7401
1649
6478
6720
3470
1803
9652
3092
9577
3578
1466
8353
2907
9468
8601
4048
2712
9240
7544
5553
1434
4499
4951
2893
8607
7871
3420
807
8496
9006
5160
8720
3246
9828
836
9370
5883
9114
3149
1940
883
6303
9049
4165
661
745
9942
6116
4721
8121
2750
2851
624
7853
3960
971
2811
4030
205
9843
6969
6058
4517
3258
7896
5260
4447
5140
4615
2839
122
2898
5549
3170
3298
4265
6970
2685
9370
7733
8729
2865
930
5831
3566
438
4869
7865
6578
2798
5490
2466
7943
7822
7973
9588
6378
2637
7218
7027
7717
3909
3117
5264
893
5383
1400
9796
1823
6427
3194
4808
3842
7349
5945
3905
2121
4130
9188
6073
3544
6097
1919
3400
6927
4511
2347
9042
3048
411
6337
8681
3225
8201
8731
4803
9303
8978
4816
9783
4727
2712
2442
6337
5346
8167
1654
5749
8004
6422
1511
5312
5729
93
2838
4906
6837
9713
5675
2711
1302
3083
7681
9052
2457
6711
1817
8879
4285
6903
541
248
1976
9927
142
2884
9612
8988
253
7208
5
5110
6643
4274
7009
645
1838
2282
8701
2503
7928
3464
24
1311
4581
1584
8551
6689
2105
3816
1349
7898
2547
5210
5491
8445
9930
292
3827
9864
1459
1149
9373
9445
9228
2946
7869
1068
6888
2319
6874
8646
2215
7625
227
7772
6721
1127
1271
9902
1296
5873
3777
351
5095
7089
7919
8606
9826
4919
9662
8864
9211
9336
4019
8376
5702
1094
3944
4840
3754
4618
8577
7169
989
9214
3962
2599
6266
823
5295
2784
9858
4576
7831
2955
9740
898
1182
6877
5578
5855
8222
422
5578
2734
7225
4306
389
7424
6918
5068
7528
8705
2405
9677
2044
4794
2480
1986
596
2099
2865
5611
7938
8455
6362
7632
8807
7696
3173
2830
8230
2448
8824
6831
1235
8289
3412
1368
6749
197
7323
5388
8020
6583
4939
2333
4937
2642
3963
9906
2274
2880
5473
4388
1398
698
9150
6435
7147
8319
8727
7942
5849
8688
1889
7520
5034
4152
183
1789
7233
5944
8747
8443
5173
3904
5255
3286
4360
5226
4143
284
6440
7969
1669
1743
193
5327
5431
3545
2124
4483
6025
8041
297
9361
1995
9579
9204
7844
4712
9606
3831
4095
4074
2143
5484
6593
4012
1003
9469
7894
8254
6866
1914
2234
239
6079
9990
440
2074
6644
6479
3809
9983
4746
1928
249
1292
7846
9044
9099
6408
583
7217
8764
8413
2683
2111
6893
5855
5217
2876
7226
7773
1674
6893
3135
2355
5145
1675
234
1241
7049
8471
9516
5660
6910
5563
7385
9671
1763
2847
2944
8526
3122
117
7524
9590
3459
3282
5000
3684
4316
185
3705
6593
5734
7541
7125
8967
3264
3138
5977
5594
5565
313
7688
2309
3880
3574
3192
7872
1800
1848
3927
5916
3630
9397
1675
8171
4395
7207
6342
6239
8991
4599
5944
7517
8396
9284
1614
9036
8521
4368
1161
9328
4386
4952
1914
2846
5933
5646
601
1820
9815
4740
6820
5495
1917
8726
9972
3023
2567
9653
5516
8371
6798
4780
171
2660
5278
4657
1761
8441
5367
5769
9133
2159
7437
72
6309
6667
4768
2005
527
8253
9110
582
5756
8274
5523
3484
2101
182
6075
5421
8445
2996
8510
8714
3846
6061
210
8429
3759
7952
9071
8962
7867
2795
6755
7742
7933
6127
1174
7104
9103
3353
1127
8978
6322
2210
4213
6363
880
6325
9211
7909
9437
4664
3491
9079
5612
1945
2283
4702
9310
1878
9108
2445
5189
2649
4599
6813
1110
7310
4514
6514
5549
6179
9008
4877
8666
395
3383
1575
1642
942
8859
2577
2001
9393
5104
837
1138
2509
7708
3992
2945
6607
3579
7166
9391
8091
4316
2730
197
686
1273
6289
749
2527
7924
5354
9097
8992
9276
6916
9398
5959
5151
9428
7131
3427
2441
6809
6108
2302
5851
5102
3228
6286
9863
8715
5839
4839
4232
4680
6141
3473
5422
4592
8226
1713
4022
77
2690
646
6073
7270
1290
275
7819
7522
3602
8260
8307
1831
766
3870
7483
4164
4116
2872
9821
8471
5175
5344
5693
3676
3250
5419
5014
8498
4881
3773
2860
2683
3449
3041
8305
8673
8712
9173
2211
384
1255
4566
946
5699
5004
7315
6143
9406
1131
7904
416
7861
6717
2906
6033
4456
6233
5474
4372
9421
4254
3239
4681
7848
67
2932
7849
2872
9317
1236
2891
7905
1712
6877
4729
2129
4313
1104
8205
9441
4056
5003
5237
7803
9795
1497
7447
8323
6372
3624
7917
3699
7661
6036
8241
8326
50
1684
5428
3393
1269
7537
1367
5625
5600
7295
4461
8133
1562
1385
504
8225
7948
3149
4144
7723
285
5953
4434
606
7162
3633
6757
3705
3265
7543
5128
7564
524
9925
3863
8446
3852
4577
6940
4973
971
5342
9713
1427
8819
6083
7620
3537
9053
2570
3812
9643
4145
8823
8104
9199
956
5538
8927
3987
1264
132
1682
9691
9973
4650
5013
5348
333
8681
1676
3584
5541
7678
4538
8126
5944
7616
1317
245
2558
6821
3702
2909
9777
4749
796
3946
5776
799
6735
8054
7004
3631
3298
3209
7599
6264
6579
5431
8941
475
268
4823
6339
5028
2619
4828
1804
8518
9503
2626
1587
2883
2921
214
4706
8937
5810
1682
6089
4508
2475
4660
5626
6204
4446
4761
1872
4547
3540
9515
688
1661
9425
1973
5064
8836
8745
3807
6037
5672
5718
9579
7232
3927
7921
8858
5672
5726
157
9563
8203
7548
2052
9329
173
991
8361
8480
8443
9022
3101
7524
4362
226
4157
6911
2745
9730
3016
717
7077
8393
6126
8084
634
8214
9331
5181
9255
6784
1475
7434
7754
9460
3344
4435
9339
7501
3399
3537
1845
1902
6033
6902
5662
5935
5237
871
3624
6657
427
4456
608
4192
9867
6722
692
9716
1379
3171
1458
1300
2551
4962
3691
4776
7059
861
5030
8888
4476
1857
4673
6375
9765
4229
802
742
4494
644
6587
8646
6838
1429
9820
2014
6097
2968
7475
7700
3284
8256
4302
6476
7309
3351
4353
1131
5968
1059
2403
3174
2108
6739
2435
2876
1517
2805
2360
5836
3162
4840
9461
3717
7614
2920
4315
6824
484
8667
3017
620
9467
7847
7471
286
1577
4398
992
722
5708
6264
5942
3738
8299
1643
1295
2594
1292
1801
4197
1718
